0.023809523809523808	0 00110010001011011000
0.02857142857142857	1 10111011101101110001
0.027777777777777776	2 01011010000110111011
0.02857142857142857	3 01111000100100111101
0.02631578947368421	4 01001000100100001011
0.023255813953488372	5 10000101101110011000
0.02702702702702703	6 11000101011001001101
0.025	7 01001101001011001010
0.023809523809523808	8 10110110100011011000
0.02631578947368421	9 01001000010010001001
0.02564102564102564	10 00011100001100011101
0.023809523809523808	11 10111101110010101010
0.03125	12 00011010100100111010
0.02857142857142857	13 01110111010001010110
0.024390243902439025	14 10101101101100011100
0.05555555555555555	15 10001100001110001010
0.02564102564102564	16 00110100001101111001
0.024390243902439025	17 00011001010100001001
0.02702702702702703	18 01011001100000000101
0.022727272727272728	19 00010111001110110011
0.023809523809523808	20 10110000000100111011
0.023809523809523808	21 10100101110101100111
0.034482758620689655	22 10011010110101001011
0.030303030303030304	23 11001011100100011100
0.027777777777777776	24 10110110000101011100
0.023809523809523808	25 01001011010000010011
0.029411764705882353	26 01001100001001010011
0.025	27 11010010001001000011
0.023809523809523808	28 10111011000000100110
0.020833333333333332	29 10110010101110001100
0.029411764705882353	30 10000111100000011101
0.02857142857142857	31 01110100101100001001
0.02564102564102564	32 00110111100110001001
0.029411764705882353	33 01111010101010100001
0.02564102564102564	34 11000011000001010101
0.02702702702702703	35 01011001010000111001
0.030303030303030304	36 10111001100101010111
0.02631578947368421	37 01000100010100110011
0.02564102564102564	38 10110011011111011010
0.027777777777777776	39 10111100110101100110
